m = [1 1];
G = [1 0 1 1 1;0 1 1 1 1];
H = [1 1 1;1 1 1;1 0 0;0 1 0;0 0 1];
c = m*G
c*H
